8819 1137 
26 57
26 117
26 400
57 59
57 190
59 121
59 190
117 121
117 180
121 180
180 190
334 350
334 642
334 694
334 763
350 353
350 539
353 361
353 564
361 374
361 642
374 379
374 393
379 383
379 564
383 393
383 570
393 400
400 468
468 570
468 608
515 539
515 553
515 608
539 763
553 564
553 570
553 608
609 615
609 852
609 1853
609 1864
615 620
615 1864
620 642
620 743
676 683
676 837
676 990
683 686
683 743
686 694
686 743
694 712
710 712
710 763
710 789
710 995
712 789
789 995
837 852
837 914
837 1008
852 880
880 913
880 4439
913 1742
913 1748
914 945
914 990
929 941
929 1443
929 6464
941 945
941 1688
945 1008
945 1560
990 995
1008 1420
1067 1068
1067 1069
1067 1107
1067 1110
1067 1111
1067 1239
1067 1323
1067 1324
1067 1535
1067 4940
1067 4951
1068 1069
1068 1111
1068 1112
1068 4940
1068 4941
1068 4972
1068 6336
1068 6337
1069 1070
1069 1088
1069 1092
1069 1112
1069 1121
1069 1211
1069 1604
1069 4869
1069 4879
1070 1071
1070 1115
1070 1144
1070 1606
1071 1072
1071 1121
1071 1181
1071 1183
1071 1184
1071 1202
1071 4895
1071 5035
1072 1073
1072 4774
1072 4895
1073 1074
1073 1207
1073 1216
1073 6593
1074 1076
1074 4774
1074 6593
1076 1080
1076 1230
1080 1082
1080 2272
1082 1230
1082 2272
1088 1089
1088 1091
1088 1211
1088 1604
1089 1090
1089 4844
1089 4869
1090 1091
1090 4807
1090 5023
1091 1092
1091 4787
1091 4974
1092 1093
1092 1095
1092 4713
1092 4787
1092 4810
1092 4946
1093 1094
1093 4728
1093 4946
1093 4956
1094 1095
1094 1239
1094 4944
1095 1097
1095 1099
1095 1239
1095 1240
1095 1289
1095 1298
1095 4665
1095 4728
1095 4956
1095 4958
1095 6324
1097 1099
1097 1289
1097 1303
1097 4565
1099 1100
1099 1400
1099 4341
1099 4526
1099 4556
1099 4949
1099 5003
1099 5025
1100 1101
1100 1602
1100 5003
1101 1102
1101 6330
1102 1103
1102 1602
1102 4949
1103 1104
1103 1602
1104 1105
1104 1288
1104 4610
1104 6385
1105 1107
1105 1431
1105 4610
1105 4614
1107 1108
1107 1400
1107 1431
1107 4368
1108 1109
1108 1110
1108 4950
1108 6331
1109 1110
1109 1288
1109 1305
1109 4969
1109 6331
1110 1288
1110 1324
1111 4940
1111 4943
1111 4951
1111 4952
1111 6347
1112 6771
1115 1117
1115 1121
1117 1144
1117 4879
1121 1124
1121 1211
1121 4793
1121 4796
1121 5050
1124 1128
1124 4814
1124 4822
1128 1134
1128 4733
1128 4745
1134 1135
1134 1157
1135 1140
1135 4677
1135 4687
1140 1157
1140 1200
1140 1242
1140 1351
1144 1181
1157 1162
1157 1242
1162 1164
1162 1460
1162 4341
1164 1165
1164 1400
1164 1403
1165 1167
1165 1400
1165 1401
1167 1168
1167 1602
1168 1174
1168 1432
1168 4392
1174 1175
1174 1432
1174 4460
1175 1176
1175 1436
1175 1441
1176 1177
1176 1436
1176 4467
1177 1180
1177 4467
1177 4615
1180 1313
1180 1315
1180 1542
1180 1544
1180 4981
1180 6696
1181 1183
1183 1184
1183 4797
1184 1187
1184 4797
1184 5050
1184 6531
1187 1189
1187 6531
1189 1191
1189 4767
1189 4822
1191 1196
1191 4745
1191 4749
1196 1200
1196 1231
1196 4699
1200 1246
1200 1351
1202 1207
1202 4895
1207 4901
1216 4901
1216 6593
1230 1231
1231 4749
1231 4770
1239 1288
1239 1302
1239 4943
1239 4956
1240 1242
1240 1292
1240 4665
1242 4590
1242 4591
1246 1265
1246 4687
1265 1273
1265 1783
1273 1281
1273 6894
1281 1284
1281 1285
1284 1285
1284 1935
1284 1994
1285 2038
1288 1304
1288 4950
1288 4951
1289 1292
1289 1298
1292 4958
1298 4565
1298 4958
1302 1303
1302 4943
1302 4956
1302 4979
1303 1304
1303 4949
1303 4979
1303 5003
1303 5027
1303 6330
1304 5012
1304 6330
1305 1306
1305 1325
1305 6332
1306 1307
1306 6332
1306 6333
1307 1308
1307 1310
1307 1325
1307 4370
1307 5014
1308 1310
1308 4371
1310 1312
1312 1313
1312 1315
1313 1315
1313 4615
1313 5014
1315 1317
1315 4467
1315 4629
1317 1318
1317 1321
1318 1319
1318 4629
1319 1321
1319 1323
1321 1323
1323 1330
1323 1482
1323 1550
1324 1325
1324 4938
1324 4951
1324 4969
1325 4969
1325 5012
1325 6333
1330 1335
1330 1552
1335 1482
1335 1560
1351 1382
1351 4593
1382 1383
1382 4538
1383 1385
1383 1460
1385 1387
1385 4356
1387 1390
1387 4356
1390 1397
1390 1474
1397 1474
1397 1705
1400 1401
1400 1602
1401 1403
1403 1409
1403 1460
1403 1474
1403 4392
1409 1411
1409 4395
1409 4401
1411 1415
1411 1721
1411 4395
1415 1420
1415 1688
1415 1721
1420 4439
1431 1432
1431 6331
1432 1435
1432 4375
1432 4610
1435 1436
1435 4615
1441 1443
1441 4460
1441 4467
1443 1552
1460 4356
1474 4401
1482 1550
1535 1538
1535 4970
1535 4971
1538 1542
1538 5009
1538 6771
1542 1544
1544 1550
1552 1560
1552 4467
1552 4634
1602 6385
1604 1606
1604 4834
1604 6771
1606 4793
1606 4836
1688 6464
1705 1709
1705 1742
1709 1712
1709 4412
1712 1718
1712 4412
1718 1721
1718 4404
1721 4439
1742 1900
1748 1751
1748 1900
1751 1837
1751 1853
1783 2272
1783 2295
1821 1825
1821 1935
1821 6894
1825 1875
1825 6894
1826 1828
1826 1875
1826 1935
1828 1837
1828 1900
1837 1921
1853 1921
1864 1921
1875 1900
1982 1983
1982 2334
1982 2390
1982 5085
1982 7439
1982 7484
1983 1984
1983 2325
1983 5068
1983 7458
1983 7465
1984 1985
1984 7458
1984 7487
1985 1986
1985 5207
1985 7441
1986 1988
1986 5207
1986 5213
1986 7451
1986 7473
1988 1991
1988 2334
1991 1994
1991 5223
1994 2384
2033 2038
2033 2308
2033 2315
2033 5053
2038 5053
2126 2135
2126 2341
2126 2487
2135 2137
2135 2537
2137 2182
2137 2824
2138 2140
2138 2337
2138 2341
2140 2143
2140 2337
2143 2145
2143 5266
2145 2182
2145 2384
2182 6957
2182 6963
2182 7013
2295 2302
2295 7325
2302 2308
2302 7325
2308 7325
2315 2319
2315 5066
2319 2325
2319 5063
2325 5068
2334 2337
2337 5089
2337 5232
2341 2392
2384 5266
2390 2392
2390 5232
2392 2398
2392 2416
2398 2402
2398 2416
2402 2405
2402 2416
2405 2408
2405 2458
2408 2556
2408 5419
2416 2420
2416 5427
2420 2476
2420 2880
2420 5427
2458 2463
2458 7652
2463 2493
2463 2501
2476 5419
2476 5427
2487 2493
2487 7652
2493 7652
2501 2503
2501 5772
2503 2504
2503 2537
2503 2808
2503 5712
2503 5772
2504 2509
2504 2705
2504 2804
2504 5565
2504 5817
2509 2519
2509 5817
2509 5833
2519 2520
2519 3105
2519 5839
2519 7762
2520 2522
2520 2830
2520 2831
2520 2843
2520 5746
2520 5786
2520 5789
2520 5839
2520 5865
2522 2530
2522 2844
2522 2890
2530 2534
2530 5887
2534 2535
2534 2536
2534 5794
2534 5887
2534 7908
2534 7914
2534 7922
2535 2536
2535 7908
2536 2577
2536 2702
2537 5772
2556 2558
2556 2782
2556 2810
2558 2562
2558 3036
2562 2566
2562 3003
2562 5328
2562 5504
2566 2570
2566 5348
2570 2573
2570 3101
2573 2574
2573 2836
2573 2850
2573 5348
2573 7815
2573 7882
2574 2826
2574 5316
2574 5622
2574 7799
2577 2578
2577 2702
2578 2581
2578 2702
2578 7914
2578 7959
2581 2586
2581 7959
2586 2592
2586 2598
2592 2598
2592 2934
2598 2603
2598 2735
2598 2958
2603 2605
2603 2613
2605 2613
2605 2958
2613 2616
2616 2620
2616 2968
2616 3189
2616 3339
2620 2629
2620 3188
2629 2650
2629 3445
2650 2651
2650 3294
2650 8177
2651 2652
2651 8156
2652 2653
2652 8204
2653 2688
2653 8204
2688 2692
2688 3151
2688 3482
2692 2693
2692 3482
2693 2694
2693 3482
2694 2699
2694 3167
2699 3167
2699 3781
2705 2727
2705 7726
2727 2730
2727 2824
2730 2735
2730 2906
2730 7707
2735 2740
2740 2757
2740 7707
2757 2778
2757 3220
2778 3116
2778 3200
2782 2784
2782 5318
2784 2801
2784 5566
2801 2802
2801 3099
2802 2803
2802 3107
2802 7837
2802 7850
2803 2831
2803 2834
2803 2843
2803 3107
2803 5744
2803 7850
2804 2808
2804 5565
2804 5713
2808 2810
2810 5721
2824 7707
2826 2827
2826 5901
2827 2828
2827 5900
2827 7799
2828 2829
2828 5873
2828 5900
2829 2830
2829 2844
2829 7835
2830 2844
2831 2843
2831 5865
2834 2835
2834 7813
2834 7837
2835 2836
2835 7814
2836 5316
2836 5387
2836 7815
2836 7837
2843 5744
2843 5745
2844 5873
2850 2855
2850 5680
2855 2859
2855 5622
2855 5680
2859 2871
2859 2881
2871 2880
2871 5645
2880 3014
2880 5645
2881 5624
2881 5645
2890 2895
2890 5794
2890 5808
2895 2906
2895 7922
2906 2934
2934 7918
2958 2967
2958 3220
2967 2968
2967 3220
2968 2982
2982 3189
2982 3200
3003 3005
3003 3041
3005 3008
3005 5356
3008 3014
3008 5334
3014 5551
3036 3041
3036 5324
3041 5331
3041 5419
3099 3100
3099 5504
3099 7837
3100 3101
3100 5387
3100 5504
3101 5331
3101 5387
3105 3107
3105 5833
3105 5839
3105 5857
3105 5865
3107 5743
3116 3137
3116 3260
3137 3151
3137 3294
3151 3167
3188 3189
3188 3445
3200 3260
3260 3367
3294 3367
3339 3517
3339 3578
3367 3445
3517 3520
3517 3716
3520 3526
3520 8260
3526 3546
3526 3586
3546 3550
3546 8435
3550 3555
3550 8435
3555 3722
3555 8435
3578 3586
3578 8260
3586 8260
3716 3722
3716 8326
3716 8327
3722 8308
3776 3806
3776 3817
3776 5926
3776 8518
3781 3789
3781 3914
3789 3803
3789 4063
3803 3804
3803 4028
3804 3806
3804 8518
3806 4028
3817 3819
3817 4021
3819 3822
3819 5926
3822 3824
3822 3881
3824 3834
3824 3950
3834 3846
3834 5926
3846 3847
3846 8762
3847 3857
3847 4189
3847 8762
3857 4014
3857 4247
3881 3883
3881 4155
3883 4148
3883 4150
3914 3920
3914 4117
3920 3950
3920 4117
3950 4005
3950 4189
4005 4014
4005 4247
4014 4247
4021 4028
4021 4068
4063 4068
4063 8491
4068 4118
4117 4118
4117 8491
4118 8491
4148 4150
4148 4165
4150 4165
4155 4165
4155 8518
4189 8762
4341 4556
4368 4370
4368 6332
4370 4371
4370 4614
4371 4375
4375 4610
4375 4614
4392 4395
4392 4460
4401 4404
4404 4412
4460 6464
4467 6696
4526 4537
4526 4556
4526 4565
4537 4538
4537 4582
4538 4590
4565 4580
4580 4582
4580 4590
4582 4591
4590 4591
4591 4593
4593 4687
4610 6385
4614 4615
4629 4634
4629 6696
4634 6696
4665 4666
4665 4713
4666 4677
4666 4733
4677 4698
4687 4699
4698 4699
4698 4745
4713 4728
4713 4733
4733 4810
4749 4767
4767 4770
4770 4774
4770 5037
4774 5037
4787 4791
4791 4792
4791 4807
4791 4814
4792 4793
4792 4807
4796 4797
4796 6530
4807 4836
4810 4814
4822 6530
4834 4836
4834 4844
4836 4844
4869 6347
4879 6771
4895 4901
4938 4939
4938 4951
4938 4969
4938 4970
4939 4940
4939 4972
4940 4952
4940 4971
4940 4972
4941 4942
4941 4952
4941 4974
4942 4943
4942 5022
4943 4944
4943 4953
4943 4979
4944 4946
4944 4974
4946 4953
4949 4950
4950 6330
4951 4979
4951 5012
4952 4953
4956 5027
4958 6324
4969 4970
4969 5013
4970 4981
4971 4972
4971 5008
4974 5022
4979 5012
4981 5008
4981 5013
5003 5025
5008 5009
5008 6336
5009 6336
5013 5014
5013 6333
5014 6333
5022 5023
5022 6337
5023 6347
5025 5027
5027 6324
5035 5037
5035 5050
5053 5063
5063 5066
5063 7421
5066 5068
5068 7468
5085 5089
5085 5254
5089 5232
5207 7439
5207 7456
5207 7458
5213 5223
5213 7473
5223 7421
5254 5266
5254 7484
5266 7451
5315 5316
5315 5707
5315 7797
5315 7798
5315 7799
5316 7815
5316 7845
5318 5324
5318 5504
5324 5328
5328 5331
5331 5334
5334 5356
5348 5349
5349 5356
5349 5551
5551 5680
5565 5566
5566 5721
5622 5623
5622 5707
5623 5624
5623 7882
5624 7882
5707 5901
5707 7839
5712 5713
5712 7726
5713 5817
5721 5736
5736 5743
5736 7805
5743 7807
5743 7850
5744 5745
5744 7813
5745 5746
5745 7836
5746 5786
5746 7797
5786 7797
5789 5794
5789 5808
5789 5839
5794 5840
5808 7762
5817 7726
5833 5857
5833 7805
5840 5873
5840 5887
5857 7762
5865 7807
5900 5901
5900 7835
5901 7839
6331 6332
6336 6337
6337 6347
6530 6531
6957 6963
6957 7013
6963 7013
7421 7444
7439 7458
7439 7484
7441 7444
7441 7456
7441 7487
7444 7468
7444 7473
7451 7456
7456 7484
7465 7468
7465 7487
7468 7487
7797 7798
7797 7835
7797 7836
7798 7839
7798 7845
7805 7807
7813 7814
7813 7836
7814 7815
7814 7845
7835 7839
7836 7845
7908 7910
7910 7914
7910 7959
7914 7918
7918 7922
8156 8177
8156 8183
8156 8201
8177 8183
8183 8201
8201 8204
8308 8327
8308 8342
8326 8327
8326 8346
8327 8343
8342 8343
8342 8346
8343 8346